62884
46685
20550
35983
5204
59869
12404
55085
19883
2437
2533
13977
49973
42877
48640
36806
45990
64677
47064
38770
29783
38183
36972
29327
20412
43125
29685
48465
55052
11010
61349
52400
57695
16364
22847
62900
10697
35252
52449
30580
37689
54982
44558
22126
32323
27662
58932
12777
26803
40460
51548
56586
13107
22984
20377
33520
573
50062
16449
55626
61073
12263
42490
53232
28627
65338
50596
39324
35054
37509
4368
7207
26955
48926
29333
59278
11052
22729
6520
37855
63190
58068
28905
10761
15516
49283
44281
16090
33809
60731
6180
29346
7458
48670
17043
36085
48472
2103
9873
17990
39613
14241
25197
1032
63168
54530
60311
8684
11724
1295
46540
9378
59363
9909
20139
9343
59192
64421
25433
27466
59616
31613
56812
1538
14748
8319
37623
63220
10423
47496
15675
50036
61737
40872
51068
59369
29867
45843
2518
41591
47138
49058
50969
40965
58967
5572
50309
52624
4457
10206
14554
64073
41820
5830
75
56568
14150
37698
54252
24573
19658
4391
9073
15860
45264
60141
9693
9595
40449
12211
51186
22051
61269
36619
63017
54701
42191
47790
41789
46649
57996
56343
45186
34280
62173
45262
25312
10787
17424
14029
35360
37083
18420
44433
52943
63684
39039
62636
7743
13952
9312
58929
36003
5045
30012
33484
59746
6668
15738
35999
53317
8199
26806
32967
42479
23444
12693
2256
34231
30118
16285
4056
1665
34705
48489
54608
32854
21992
51708
40597
35944
61020
33991
6412
530
64003
39896
60276
5135
55635
30740
58452
63834
57546
25884
40777
15454
38577
43033
49686
3159
59318
53742
4824
28488
36695
59432
61342
58688
45605
36403
29096
41089
4858
35508
41619
3326
9869
36360
8461
65504
1564
1378
63802
59110
27262
39043
9029
303
16541
58715
3463
10323
46921
8287
38811
18080
2184
34617
11232
47789
5485
40329
23342
10343
10301
64962
13669
20170
35786
22131
20138
37350
23509
18404
30924
50771
57448
39953
51074
8453
33132
54537
18776
14517
62825
57588
32598
65009
26669
43830
47262
32154
18623
5068
42498
28925
4494
56167
49095
40280
12762
3698
12094
36271
22102
43019
21506
14014
17436
7045
22467
50569
61582
41244
65086
58871
33296
32148
58344
59965
10443
40070
26584
29066
45139
3546
57991
49633
59713
41551
24378
6940
45249
36472
43211
1815
13955
64718
15830
31392
6227
38297
16425
2273
14005
15975
61145
47301
48124
53953
41731
58567
28488
2779
22097
8091
6325
14553
57724
502
56104
16566
7442
35817
53039
50654
37632
1458
49836
53462
32850
56063
26224
49275
58336
40229
65251
53945
21995
47839
42363
63726
40870
5315
969
62967
13406
7294
11984
5594
7796
2552
22161
15239
38369
9664
357
10466
11122
50193
63928
43973
40720
24616
27712
33520
64846
27427
21930
21305
9730
64293
19495
50600
4072
20464
48032
17478
27758
60016
23072
35554
62569
45233
50793
35402
54897
51150
45868
484
35807
44261
44457
10991
3341
6633
44512
2651
34061
906
23956
43791
65199
43451
28856
3735
63915
11352
21213
26137
5832
44285
61692
2865
23983
46949
38268
13344
32564
18600
13828
2835
62861
58285
13827
667
64919
58339
3318
33444
59245
27275
11699
58908
5190
40555
62643
3570
51907
18320
29707
57740
62605
25863
60605
21052
7277
33337
34397
39841
51938
48225
42676
49263
40975
56503
49930
40358
49306
53249
8266
43015
14988
19965
36387
20178
60521
33494
23748
46892
51814
53456
39096
48884
13783
34166
4400
21060
1967
38797
60901
53905
21487
38042
37633
62462
29009
22027
37284
12780
9740
45550
55795
24728
65515
26647
44907
60500
60141
3119
41857
46420
56575
15417
29768
4823
49583
34168
25883
51551
7430
21249
39920
28917
59291
12017
25843
22764
34045
63127
35544
43785
43141
25804
2978
43120
52451
47885
38085
47056
51004
14406
27940
42044
29823
57708
46867
13871
26341
7214
65422
33771
28463
39806
62688
22218
51824
22995
44983
20333
20586
14991
64118
63727
40795
1560
41311
27710
49445
13860
9231
34914
28266
37171
11422
58090
29344
58289
6425
55685
65503
6311
23920
28431
46117
21072
50649
32405
44067
30096
52738
64653
45088
51321
62844
20347
52881
38619
48058
36791
52480
57289
6169
15210
28924
17591
7764
58268
10344
14189
48417
10311
20500
6801
38742
1082
27873
23856
33487
6404
53952
20690
5521
33504
6475
2829
53852
59356
41449
36374
30611
28393
28127
36780
43603
57051
54371
51368
49784
64715
21
32665
9491
20522
39467
48233
21604
1804
6553
55091
8209
60506
10245
13730
28474
16720
16560
16790
10541
58009
53164
41152
20866
15755
12397
64469
7271
1232
50301
57055
412
50323
24184
9903
5309
63651
58136
26913
65456
64690
16468
8129
59660
26714
21859
22598
43434
38419
39389
53975
30892
27017
29592
51758
42773
41989
50692
50044
43221
35457
41563
43633
20244
211
53536
25553
63863
46137
52466
63783
45291
3399
6376
39415
30113
28235
62013
8011
1119
35866
61987
32011
62884
26043
18234
40121
2496
3390
24629
45717
38847
656
23815
59092
867
11815
19109
64730
57952
6040
62977
37707
9439
3817
11586
39552
32053
8064
47563
33172
43930
44014
65183
41278
4521
17881
15863
7017
21271
40492
52735
60119
41148
11014
53675
42016
22829
7248
41210
15246
13288
38652
52953
22727
42469
64540
62279
8986
7068
44307
42158
50998
22785
41806
26741
27307
59687
42604
34324
15423
17561
21523
10006
58709
32537
63681
35189
55367
5393
10864
5077
18682
49516
58030
41409
26449
57034
38153
35436
64102
16924
12058
49565
39709
53864
10770
1480
48016
53374
35805
63439
5399
57328
7909
64109
24330
6054
33762
14161
11447
44626
19238
30129
28606
11732
6003
55056
3231
44156
24956
1797
61080
37014
51362
35253
25343
62132
36734
7823
49971
7003
5726
55370
64331
13635
53943
23125
19689
22170
37286
31136
1260
56524
61266
29867
2721
1733
19387
5952
45889
44343
7749
41433
15821
59112
11150
41164
55708
47884
48987
40143
54887
54713
29978
53683
2812
18385
11272
22501
40555
48559
53638
41816
39547
49368
6147
42268
51101
25534
48220
31454
4341
55970
7351
20162
49546
18501
61327
39718
850
44778
14326
55737
33956
44304
43884
36768
62689
55157
59270
37709
38180
47372
13989
12191
31204
20136
54460
16769
45670
37144
48223
50011
27578
55574
4637
11588
8539
428
